406
1 387
1 94
1 40
1 269
1 286
1 60
8 173
11 280
11 118
11 3
12 190
13 175
14 291
14 81
14 38
14 30
14 64
14 404
17 13
17 324
17 376
17 80
18 206
21 243
21 181
22 276
23 296
23 128
25 381
29 262
30 91
32 213
33 2
35 193
36 35
38 354
38 151
40 401
40 105
40 61
40 384
40 134
40 22
40 44
41 233
41 342
44 328
45 319
45 378
51 109
51 34
51 143
52 212
52 142
53 385
53 315
53 402
54 14
54 235
54 152
54 73
54 77
54 273
57 33
57 131
60 154
60 332
60 281
60 227
60 88
61 102
65 220
66 97
66 149
67 166
67 272
67 20
69 405
72 160
72 68
72 393
73 161
74 150
75 53
75 153
75 397
75 132
75 114
75 239
78 265
78 24
81 204
81 285
82 59
83 25
84 390
84 56
86 388
86 191
87 48
87 374
87 259
87 226
88 246
89 331
89 123
90 309
91 138
94 234
94 362
95 284
96 340
96 144
98 318
101 179
103 406
103 320
105 263
105 389
105 147
106 107
107 100
108 211
108 326
108 394
108 396
109 298
111 337
111 370
114 244
115 210
115 185
116 119
117 50
118 267
118 301
118 52
118 334
118 125
119 223
120 29
120 236
120 214
122 46
122 313
123 270
123 260
127 347
130 17
130 140
134 303
135 232
138 365
139 294
139 96
139 95
139 368
140 113
141 196
141 200
141 240
146 145
153 311
155 112
155 146
156 23
156 253
157 28
159 367
160 345
160 202
160 287
163 353
163 184
163 245
164 356
165 155
167 219
167 292
168 71
168 87
169 224
169 258
171 101
172 359
172 264
178 189
179 382
182 183
183 249
187 341
192 398
195 207
195 363
196 355
196 10
201 89
201 66
201 169
202 256
206 302
207 312
207 69
207 316
207 57
207 136
208 201
208 300
209 242
210 290
211 36
211 78
211 133
211 323
212 8
214 346
219 174
230 261
230 372
231 188
233 317
233 348
233 205
233 86
233 343
234 336
234 230
234 229
234 335
234 304
234 199
234 277
235 21
235 392
235 122
236 116
236 231
236 386
237 18
238 12
238 19
241 7
241 222
242 163
242 282
242 305
243 203
243 43
245 164
250 31
251 121
251 330
251 141
252 310
255 168
255 192
255 49
256 391
256 306
261 83
263 308
265 148
265 5
266 65
266 6
267 289
267 252
267 369
267 338
267 70
267 106
268 383
269 139
269 187
269 254
269 63
271 295
281 45
283 293
284 162
286 352
287 76
291 333
291 90
291 157
291 299
291 93
291 62
294 209
294 208
294 357
294 182
294 275
296 344
297 129
298 238
298 361
300 257
304 283
307 248
310 26
311 271
312 186
312 158
314 9
314 218
316 225
317 350
318 156
319 197
322 180
322 67
322 54
322 178
322 103
325 85
325 104
326 172
326 165
326 379
329 111
329 32
331 74
331 82
331 176
332 167
334 126
334 395
335 171
336 11
336 325
336 79
336 159
338 110
338 198
341 130
341 217
342 98
343 307
343 15
348 127
348 27
353 99
353 124
354 55
358 327
358 278
359 237
359 266
360 366
360 241
360 120
362 84
362 4
363 58
365 47
366 377
366 314
366 135
366 42
368 371
368 195
368 92
369 297
371 279
371 250
372 358
372 247
375 274
375 216
376 321
377 380
377 75
377 329
377 349
377 351
380 108
380 115
380 137
380 215
384 228
385 117
385 400
386 170
387 16
387 360
387 51
387 322
387 41
387 72
390 364
390 177
391 39
393 339
394 375
397 251
397 399
398 221
399 194
400 268
401 373
401 255
401 288
401 37
404 403
