179
1 48
1 33
1 31
1 116
2 115
2 157
3 73
3 91
4 120
4 83
4 124
4 47
4 16
5 153
7 39
9 164
10 130
11 17
11 5
12 111
13 34
13 77
13 37
13 126
13 176
14 135
15 90
19 140
20 32
21 60
22 107
22 104
22 128
22 11
25 155
26 44
29 79
30 70
33 4
33 158
34 156
35 101
35 19
35 100
35 88
38 160
38 166
38 144
39 46
40 179
40 57
45 139
45 118
47 175
47 177
48 171
48 172
48 2
48 71
48 85
48 10
48 117
49 147
49 168
51 173
51 59
54 41
54 38
54 110
54 148
66 24
66 29
66 81
67 102
67 78
67 145
67 136
68 42
71 92
71 67
71 114
71 108
73 53
75 141
77 7
77 55
78 9
78 113
81 151
81 106
82 143
83 94
83 142
83 132
84 22
84 119
85 150
85 49
85 167
90 64
92 54
92 89
92 121
92 14
93 18
95 146
97 149
99 58
101 95
104 97
104 72
106 138
107 25
108 13
108 154
108 3
110 137
114 163
115 45
115 50
116 43
117 80
119 66
119 21
119 28
120 84
120 123
120 56
120 51
120 165
121 6
122 105
123 159
125 174
126 75
128 131
128 96
129 61
131 36
132 122
137 65
139 69
142 86
142 152
144 109
144 178
144 63
147 15
147 162
149 20
150 134
150 23
150 8
150 30
151 62
151 112
154 99
155 127
158 26
158 161
158 82
159 74
159 35
159 87
160 133
160 170
161 12
167 98
167 27
169 76
171 40
171 125
171 52
172 68
175 169
176 129
178 103
179 93
