116
1 99
1 104
1 2
1 51
2 3
3 4
4 78
6 34
7 72
8 112
9 42
9 26
9 50
11 23
11 35
12 106
12 66
15 30
15 24
17 100
19 88
19 17
19 55
19 58
20 79
20 41
21 75
26 10
28 68
28 46
28 57
30 96
31 61
32 6
35 108
36 22
37 94
37 62
38 11
38 60
38 53
39 113
45 64
45 12
45 70
45 9
45 56
48 59
48 98
51 63
52 107
55 73
55 21
57 29
58 32
58 102
63 109
64 67
64 91
67 37
68 87
68 84
68 14
68 110
68 105
69 71
70 65
70 49
70 114
70 111
70 44
71 20
72 83
72 52
72 25
72 43
79 5
82 97
83 82
86 16
88 7
88 115
89 86
89 103
89 15
89 13
92 33
93 89
93 116
93 38
93 81
93 8
93 77
95 31
95 39
96 92
99 93
99 90
99 19
99 76
99 48
100 40
101 27
103 95
104 69
104 45
104 28
104 101
104 80
110 36
110 85
110 74
110 18
114 54
116 47
