299
1 150
1 135
1 234
1 13
1 225
1 147
3 14
3 183
3 86
6 48
6 241
6 151
6 79
7 54
9 39
9 158
10 210
11 22
11 226
12 228
13 128
13 51
17 126
26 177
26 101
27 259
31 208
31 224
31 199
33 148
34 141
37 236
37 165
38 284
40 109
40 221
42 23
43 230
43 149
43 291
43 102
43 207
45 252
45 76
45 55
45 127
47 192
48 31
49 132
55 52
55 8
57 214
59 38
60 44
60 261
60 125
61 34
64 159
64 7
64 243
65 244
65 273
69 24
73 59
73 238
76 133
77 96
78 60
78 258
78 257
80 91
82 100
82 50
82 156
83 137
83 62
83 227
85 251
85 206
87 90
88 262
88 217
88 154
88 164
95 270
95 198
95 122
96 196
96 248
96 17
96 271
97 144
99 6
102 223
105 231
105 190
106 173
112 142
113 19
115 37
115 53
115 110
116 139
117 88
117 272
117 47
118 268
119 57
119 180
121 95
121 78
121 209
121 186
121 124
121 175
121 42
122 5
123 97
128 247
128 240
128 146
129 269
130 265
131 281
135 77
137 171
137 174
139 189
139 274
144 292
150 3
150 233
150 119
150 68
150 290
152 63
152 145
153 168
153 40
153 98
153 239
153 15
154 80
154 12
155 237
159 282
161 185
163 85
164 9
164 4
168 285
171 216
171 49
172 108
173 152
174 92
175 11
175 222
175 167
176 104
176 161
180 203
182 166
182 277
183 112
186 280
187 74
192 155
193 94
196 266
196 278
196 184
198 188
198 267
199 120
200 71
200 41
201 83
201 232
201 211
201 16
204 194
204 218
204 75
206 87
208 212
208 46
209 99
209 82
209 129
209 36
209 30
212 25
212 116
212 197
212 170
213 169
214 215
215 295
216 58
216 191
217 72
218 28
220 153
222 263
225 43
225 219
226 81
226 140
229 103
229 245
230 178
230 160
230 229
232 294
232 33
232 107
233 117
233 66
233 70
234 121
234 201
234 130
234 254
234 106
234 293
234 182
234 242
239 69
240 162
246 181
246 2
246 118
248 264
248 20
250 195
250 134
251 35
252 157
252 213
252 187
252 286
253 114
254 111
255 179
255 89
257 296
257 260
258 176
258 289
258 138
259 299
259 249
261 84
262 65
264 73
264 27
265 67
265 283
265 202
266 288
266 255
266 45
270 298
270 204
271 10
271 113
271 276
272 64
272 297
275 115
275 279
275 193
275 56
278 235
279 220
279 131
280 275
280 163
280 136
280 246
280 61
280 21
282 256
283 200
284 205
288 143
289 32
291 26
291 105
291 287
293 253
293 93
297 18
298 250
298 172
298 123
298 29
