386
1 370
1 250
1 269
1 337
1 94
1 22
1 157
2 266
3 69
3 39
4 202
4 305
4 54
4 98
5 162
5 159
6 51
7 351
7 4
7 298
7 343
12 90
12 163
12 243
14 306
14 17
14 362
14 321
14 213
14 291
15 189
17 72
17 242
17 278
17 55
17 89
19 108
19 149
19 273
19 102
20 63
20 127
21 339
22 352
22 270
22 366
23 34
23 87
23 222
24 220
25 80
26 165
26 313
26 160
27 43
29 207
31 107
31 378
33 77
34 169
35 114
35 290
35 263
40 143
41 329
42 319
42 316
44 236
45 38
46 52
47 56
53 190
54 184
57 268
57 211
57 318
57 248
60 185
60 152
60 336
62 164
63 364
65 349
67 161
70 356
70 106
72 286
72 130
72 246
73 129
73 280
73 325
73 229
75 209
75 27
75 369
75 120
75 66
78 376
78 188
79 310
79 123
79 267
79 2
79 296
79 8
80 141
80 231
80 303
82 18
83 252
83 158
83 203
83 133
86 172
86 253
88 353
88 230
88 223
89 9
90 307
91 335
94 361
94 50
95 247
95 284
100 113
101 37
102 136
104 334
104 228
107 358
107 46
108 200
110 359
110 205
111 154
112 355
112 179
113 261
115 88
115 97
119 101
119 181
120 294
122 240
123 75
123 299
123 105
128 71
129 193
130 187
130 330
130 260
131 244
131 333
134 41
135 312
135 104
135 84
138 239
144 384
144 192
144 332
144 226
146 44
146 15
146 314
146 308
146 116
147 287
149 153
149 124
150 373
151 327
151 92
153 45
154 186
155 315
158 208
158 148
159 282
161 178
163 262
163 112
163 85
166 145
166 206
167 33
168 224
173 180
179 36
183 288
183 30
183 139
185 197
185 372
186 6
187 292
189 126
189 96
189 357
191 283
191 279
191 81
193 61
194 115
194 138
199 144
199 301
199 281
199 119
199 182
199 86
201 175
202 374
203 16
205 331
208 140
209 348
209 210
211 276
211 218
212 117
213 76
213 177
213 342
215 166
216 24
217 233
217 377
224 201
225 251
225 5
225 125
225 256
227 232
227 67
231 219
233 195
234 341
234 216
235 109
236 234
236 258
237 29
240 57
240 235
240 345
242 328
242 173
243 73
243 375
243 365
243 385
245 78
245 326
245 135
245 70
245 59
245 121
247 60
247 264
247 317
248 214
250 79
250 322
251 131
251 26
252 379
252 289
256 277
257 35
257 151
257 191
259 241
259 238
261 23
264 155
267 95
267 176
268 257
269 323
269 217
269 142
269 111
272 132
274 21
274 198
275 53
278 255
278 147
278 74
280 82
281 42
281 10
282 320
283 360
286 167
286 293
286 340
288 49
288 99
289 271
290 183
294 371
295 168
295 274
295 259
297 382
298 65
298 221
299 11
300 137
304 7
304 20
305 324
306 245
306 196
306 12
306 13
306 194
306 118
309 47
310 304
310 300
311 297
311 237
311 58
311 249
314 3
314 275
318 383
318 40
321 25
321 204
322 386
322 28
323 338
326 363
326 156
327 346
332 344
334 367
337 311
337 134
339 62
341 302
345 128
349 265
349 254
349 285
350 64
351 31
351 380
352 103
354 122
354 199
354 225
354 83
354 215
354 146
357 170
361 174
361 91
362 19
362 295
362 32
362 150
363 368
363 227
363 350
363 110
368 309
368 93
369 68
370 14
370 100
370 354
372 171
375 381
375 48
379 272
384 212
386 347
