120
1 110
1 62
1 44
1 39
1 57
1 17
2 64
2 115
2 86
3 28
4 41
5 92
9 38
13 94
13 31
13 82
13 60
13 22
15 99
15 25
19 87
19 85
19 73
26 33
28 50
31 96
31 18
31 119
32 29
33 118
34 49
36 75
37 19
37 10
37 69
37 81
40 55
40 108
40 65
40 12
40 56
40 79
41 95
41 42
41 106
44 37
44 61
44 113
44 26
44 105
44 112
47 5
47 36
47 8
49 70
49 32
51 59
53 30
54 53
57 43
57 35
58 63
58 46
60 103
61 71
61 51
61 88
61 21
61 68
62 40
62 2
62 54
65 4
65 58
67 90
67 72
67 91
69 76
71 97
71 100
71 6
72 101
74 34
74 11
76 14
77 23
77 109
78 16
78 116
82 7
83 117
84 77
88 89
88 24
90 111
93 20
93 80
94 67
94 48
96 120
96 93
96 66
103 102
104 47
104 98
105 78
108 114
109 45
110 83
110 13
110 74
110 15
112 52
113 104
113 9
115 107
117 27
120 3
120 84
