270
1 145
1 152
1 149
1 50
1 38
3 103
7 43
8 109
9 94
9 34
10 115
14 95
15 135
15 110
15 187
19 185
19 35
19 83
20 70
20 242
20 86
20 144
25 180
27 117
29 19
29 116
30 190
30 213
32 254
32 91
32 29
34 168
34 13
38 44
40 118
41 5
41 147
42 199
44 100
46 37
46 17
48 223
49 14
49 175
49 195
49 124
49 226
49 62
50 247
50 133
55 132
56 264
57 240
61 102
65 237
66 260
68 25
68 265
68 217
68 88
68 140
70 156
70 222
73 21
76 2
77 244
77 236
77 30
79 227
80 16
81 32
81 101
81 87
81 63
81 210
81 92
81 78
83 11
84 157
84 80
84 159
85 114
85 89
85 208
87 12
87 261
90 82
91 113
93 220
93 79
93 246
94 228
94 45
95 76
95 266
95 250
98 41
98 183
98 245
99 182
100 189
101 141
101 139
101 73
106 74
107 194
108 59
110 172
111 56
112 60
113 119
113 251
119 216
119 206
123 241
125 151
125 270
125 255
127 174
127 49
127 154
127 54
127 85
127 123
129 20
130 184
130 155
130 7
134 6
134 181
135 143
135 233
135 196
138 153
140 8
140 198
140 211
141 98
141 40
141 257
142 197
143 177
145 269
145 207
145 9
147 96
147 122
148 170
149 3
150 24
152 201
152 81
152 127
152 93
152 77
152 15
152 130
153 23
153 90
153 243
154 134
155 104
157 215
157 65
157 138
157 105
157 248
157 71
162 221
162 67
163 28
163 136
164 97
165 42
165 39
165 173
165 160
165 202
171 256
171 224
173 263
174 84
174 193
174 231
174 57
174 55
174 164
177 99
178 31
183 176
188 268
189 36
189 200
190 48
191 267
192 120
193 171
193 64
193 146
194 214
194 192
194 179
195 106
195 158
196 18
197 166
199 53
201 259
201 252
201 258
201 205
204 46
204 162
204 262
204 69
208 4
210 75
212 232
216 209
217 142
217 167
217 188
217 229
220 126
222 186
225 150
225 108
225 137
227 72
231 203
231 112
233 218
234 204
234 107
234 178
234 51
234 27
235 61
236 235
236 163
236 128
240 129
240 33
240 111
240 10
240 249
240 169
242 219
243 161
244 58
250 253
250 22
252 26
252 131
252 66
252 238
253 230
256 47
257 191
259 234
259 68
263 52
265 165
265 212
265 239
269 148
269 125
269 225
269 121
