417
1 104
1 6
1 333
1 374
1 24
1 264
3 335
6 111
6 181
6 315
6 375
6 13
9 168
9 62
11 135
12 43
13 14
16 211
21 27
21 76
21 266
23 332
23 202
23 386
24 325
24 278
26 240
27 309
27 294
27 193
30 79
30 399
34 151
34 258
36 403
36 75
36 353
36 149
37 204
40 11
41 284
41 339
41 355
43 153
44 265
44 365
44 144
45 196
45 100
47 113
48 378
48 152
48 136
48 112
51 207
51 87
51 241
54 227
57 305
57 272
58 189
59 281
60 256
61 237
61 397
62 32
65 97
67 362
67 351
67 400
70 173
70 359
70 234
70 323
70 291
70 231
71 222
72 69
74 408
74 218
74 178
74 29
74 296
76 51
76 279
76 98
81 128
83 96
83 77
85 314
85 302
86 259
86 45
88 404
91 326
93 105
94 30
104 337
104 55
104 187
104 381
104 415
104 19
104 118
104 364
104 31
106 274
106 12
106 387
106 205
106 236
108 22
108 297
109 201
110 367
111 247
111 126
111 268
112 416
116 194
118 352
118 340
121 50
123 260
126 331
126 143
127 124
129 292
132 66
133 15
133 35
134 65
134 99
136 139
137 348
137 304
140 269
141 44
142 243
145 174
146 203
146 390
147 341
149 186
150 214
152 123
154 398
156 38
157 224
158 307
158 232
159 184
159 217
159 119
160 293
160 176
160 349
161 391
161 70
161 21
161 301
161 215
161 191
161 250
161 267
162 280
162 49
162 109
162 3
163 347
164 88
164 299
165 73
168 411
168 252
168 313
168 58
169 262
170 84
170 361
173 414
173 393
173 64
175 137
175 376
176 185
177 197
178 312
178 295
180 107
180 219
180 246
180 223
181 230
181 23
182 166
185 71
186 190
187 129
187 115
189 385
189 235
199 2
200 287
200 131
201 7
202 354
203 276
204 8
207 261
209 10
209 328
209 81
210 147
210 94
210 417
210 289
210 68
211 273
211 158
213 182
213 356
215 286
215 282
217 242
219 220
221 41
224 245
225 366
226 199
227 120
228 377
229 89
230 61
231 317
231 140
232 146
234 134
234 160
234 154
234 345
234 389
235 334
238 127
238 39
238 17
241 270
244 320
247 249
247 165
247 303
249 253
250 360
250 406
252 93
252 60
253 28
254 102
254 239
255 130
255 290
259 54
261 20
261 308
262 150
265 56
266 169
266 228
271 208
272 251
274 132
274 157
277 42
279 216
279 53
279 233
280 271
280 141
280 200
284 298
285 382
288 371
291 368
292 322
293 163
294 300
296 198
297 156
299 145
309 388
309 86
310 212
310 188
311 402
311 396
313 67
313 324
314 37
314 110
315 401
315 288
315 33
318 48
318 74
318 409
318 125
318 82
319 321
319 40
320 117
320 379
320 346
321 133
321 101
323 319
323 310
323 175
323 85
323 36
323 254
324 343
324 263
325 25
326 410
328 336
330 285
331 244
331 330
331 108
331 164
331 95
332 114
333 395
333 16
335 344
337 162
337 161
337 318
337 373
337 327
337 209
337 26
337 167
337 412
338 225
338 383
342 248
342 4
342 116
348 172
348 206
356 171
356 59
359 180
359 277
359 63
359 5
360 122
361 370
362 413
363 148
363 46
363 384
364 138
364 52
368 83
368 407
368 338
373 159
374 311
374 210
375 394
375 380
376 179
376 192
376 342
376 329
376 255
378 170
378 155
381 91
381 226
381 238
381 18
381 275
382 316
383 90
386 283
386 257
387 405
387 369
391 72
391 213
391 47
392 92
394 78
395 9
395 34
395 80
395 358
399 103
401 306
401 183
402 229
403 350
408 57
408 177
408 106
411 221
411 357
412 195
412 121
412 372
414 392
414 363
415 142
