497
1 493
1 57
1 176
1 86
1 177
1 7
1 435
2 303
3 305
3 278
4 375
4 327
6 137
7 322
7 248
7 330
13 18
16 198
16 452
16 201
17 106
20 161
20 122
20 461
21 25
25 432
27 216
27 385
29 483
30 433
30 206
33 140
34 150
34 463
36 451
37 21
37 333
37 497
37 350
37 231
41 469
41 181
44 265
46 249
50 36
50 212
51 290
52 361
54 395
57 258
57 372
58 410
60 193
60 156
62 437
63 96
63 116
63 373
63 95
73 9
77 13
77 389
78 56
79 289
79 475
79 38
79 149
80 213
84 46
84 347
85 365
86 77
86 10
87 112
87 243
87 357
87 334
87 184
87 462
87 99
89 344
90 426
90 3
92 283
93 220
93 382
98 402
99 472
100 160
100 307
103 403
103 119
103 369
103 19
111 230
112 311
112 299
112 168
112 93
113 87
113 234
113 182
113 442
113 367
113 259
114 485
114 296
114 316
117 407
119 65
119 133
120 287
123 464
124 358
124 440
125 473
128 16
129 431
139 448
140 445
141 35
142 419
144 20
144 153
144 313
144 236
148 11
148 142
150 415
150 82
151 17
151 353
154 366
156 183
158 195
158 58
158 495
158 15
159 28
160 400
161 413
161 261
161 306
161 436
161 341
164 271
164 109
164 73
164 53
165 297
166 340
166 275
167 408
167 268
168 376
168 360
168 26
173 274
173 72
174 446
174 14
174 325
176 391
176 224
176 51
176 267
177 207
177 474
177 170
177 89
179 302
179 318
179 355
180 84
181 405
182 223
182 492
183 132
183 208
184 406
184 276
184 48
185 171
186 491
188 157
190 270
190 47
192 321
192 152
193 388
193 250
194 75
195 169
196 368
197 202
198 91
199 141
203 190
203 398
203 324
203 32
204 30
204 422
207 323
207 387
212 218
213 460
216 215
216 23
217 68
220 281
221 363
222 308
222 414
222 430
224 60
224 232
224 233
225 131
226 383
226 24
228 146
229 345
231 394
232 454
235 456
235 277
235 124
236 380
237 280
237 338
240 443
241 351
241 386
241 455
241 379
241 264
241 22
241 240
242 180
242 130
243 459
243 128
243 108
244 97
244 301
244 381
245 114
245 314
245 136
250 480
251 189
251 143
251 117
255 194
255 69
258 457
258 43
259 214
262 237
262 284
263 288
264 27
264 147
265 393
270 188
270 273
270 253
270 320
271 64
272 229
272 187
273 339
273 295
274 154
276 377
276 145
276 479
276 378
277 420
279 85
279 74
279 255
283 127
285 111
289 34
289 115
293 203
293 125
293 337
293 102
293 139
293 331
296 59
297 329
299 71
299 438
303 310
307 262
307 151
307 285
308 477
309 496
309 447
311 374
311 61
311 174
311 41
315 165
318 76
321 44
322 219
323 336
323 257
323 450
323 238
324 210
324 45
325 417
326 204
326 163
327 98
327 245
327 104
328 178
330 282
331 2
331 8
334 179
334 416
334 424
336 155
336 92
337 159
342 427
342 42
343 113
343 279
343 242
343 90
343 4
343 247
345 107
346 12
346 221
348 54
349 49
349 317
350 392
351 235
351 123
351 197
352 244
352 200
356 186
356 5
357 79
357 292
357 217
358 364
358 390
360 335
364 342
364 63
364 266
365 173
365 272
365 449
365 185
365 81
367 434
367 300
368 135
371 421
374 404
374 120
375 471
375 312
375 359
375 397
377 352
377 88
379 418
382 370
386 484
386 396
386 468
386 470
387 309
387 356
388 401
388 227
388 298
388 94
391 129
391 100
391 192
391 293
391 319
392 121
393 256
393 291
396 494
396 166
396 423
396 228
397 134
398 6
398 162
399 458
399 226
399 354
401 304
401 251
413 148
413 465
414 55
415 269
416 29
417 67
418 490
418 425
419 263
419 466
419 384
420 144
420 62
422 411
422 199
422 31
423 110
426 326
426 332
426 78
431 246
440 441
441 196
441 409
442 211
442 222
442 294
443 260
443 254
444 487
444 175
445 39
449 126
454 476
454 439
455 346
456 481
457 241
457 343
457 349
457 399
458 158
458 40
458 252
459 80
461 105
461 412
462 138
462 348
462 52
463 33
463 453
464 164
464 103
464 118
464 315
467 167
467 83
467 328
468 66
471 172
472 429
473 489
475 191
479 486
480 478
482 70
482 205
484 37
484 482
484 50
484 225
485 371
489 209
490 101
491 428
493 467
493 444
493 286
493 239
494 362
494 488
