511
1 2
1 3
2 4
2 5
3 8
3 9
4 22
4 23
5 6
5 7
6 12
6 13
7 14
7 15
8 16
8 17
9 10
9 11
10 116
10 117
11 24
11 25
12 18
12 19
13 68
13 69
14 28
14 29
15 34
15 35
16 496
16 497
17 170
17 171
18 64
18 65
19 20
19 21
20 44
20 45
21 324
21 325
22 30
22 31
23 96
23 97
24 38
24 39
25 26
25 27
26 142
26 143
27 32
27 33
28 256
28 257
29 148
29 149
30 46
30 47
32 36
32 37
34 40
34 41
35 60
35 61
36 86
36 87
37 50
37 51
38 58
38 59
39 42
39 43
40 48
40 49
41 100
41 101
42 114
42 115
43 52
43 53
45 76
45 77
46 72
46 73
48 388
48 389
50 224
50 225
51 62
51 63
52 54
52 55
53 56
53 57
54 88
54 89
55 70
55 71
56 84
56 85
58 74
58 75
59 92
59 93
60 66
60 67
61 464
61 465
62 104
62 105
63 90
63 91
64 108
64 109
65 172
65 173
67 94
67 95
70 128
70 129
72 80
72 81
73 78
73 79
74 158
74 159
75 118
75 119
76 350
76 351
77 164
77 165
78 196
78 197
79 82
79 83
80 180
80 181
81 322
81 323
82 384
82 385
83 208
83 209
84 98
84 99
85 150
85 151
86 106
86 107
87 152
87 153
88 154
88 155
89 138
89 139
90 110
90 111
91 270
91 271
92 156
92 157
93 102
93 103
94 126
94 127
95 182
95 183
96 112
96 113
97 228
97 229
98 178
98 179
99 124
99 125
100 424
100 425
101 310
101 311
102 222
102 223
103 140
103 141
106 122
106 123
107 134
107 135
108 166
108 167
111 186
111 187
113 132
113 133
114 212
114 213
116 192
116 193
118 120
118 121
120 254
120 255
121 230
121 231
122 146
122 147
123 312
123 313
125 190
125 191
126 296
126 297
127 288
127 289
128 202
128 203
129 130
129 131
131 426
131 427
132 432
132 433
133 136
133 137
134 412
134 413
135 160
135 161
136 144
136 145
138 448
138 449
139 206
139 207
140 176
140 177
141 236
141 237
142 328
142 329
143 272
143 273
145 302
145 303
146 210
146 211
147 292
147 293
148 168
148 169
149 436
149 437
154 162
154 163
156 452
156 453
157 218
157 219
158 234
158 235
159 482
159 483
161 174
161 175
162 306
162 307
163 404
163 405
165 314
165 315
167 490
167 491
168 470
168 471
169 226
169 227
173 346
173 347
175 300
175 301
176 200
176 201
178 268
178 269
179 184
179 185
180 214
180 215
181 290
181 291
182 372
182 373
183 194
183 195
184 252
184 253
187 188
187 189
188 294
188 295
189 250
189 251
192 198
192 199
193 338
193 339
196 204
196 205
199 232
199 233
200 248
200 249
203 246
203 247
204 216
204 217
205 274
205 275
206 316
206 317
207 266
207 267
208 240
208 241
211 220
211 221
214 340
214 341
215 284
215 285
216 258
216 259
217 286
217 287
218 260
218 261
220 344
220 345
221 238
221 239
223 242
223 243
224 262
224 263
226 366
226 367
228 298
228 299
230 336
230 337
232 362
232 363
233 244
233 245
234 374
234 375
238 450
238 451
241 318
241 319
242 334
242 335
243 282
243 283
246 280
246 281
248 370
248 371
249 430
249 431
250 486
250 487
252 488
252 489
253 264
253 265
254 278
254 279
256 510
256 511
264 386
264 387
265 480
265 481
266 420
266 421
267 276
267 277
270 354
270 355
272 506
272 507
274 454
274 455
278 304
278 305
279 504
279 505
280 360
280 361
281 416
281 417
282 446
282 447
284 418
284 419
285 308
285 309
287 484
287 485
288 458
288 459
291 422
291 423
294 376
294 377
300 400
300 401
302 440
302 441
311 326
311 327
314 356
314 357
315 330
315 331
317 320
317 321
318 332
318 333
321 364
321 365
323 392
323 393
325 358
325 359
326 342
326 343
328 442
328 443
329 476
329 477
332 402
332 403
337 348
337 349
338 438
338 439
340 398
340 399
343 352
343 353
347 462
347 463
348 378
348 379
349 444
349 445
352 380
352 381
353 494
353 495
354 368
354 369
359 382
359 383
361 410
361 411
363 472
363 473
370 414
370 415
377 396
377 397
379 406
379 407
382 408
382 409
385 394
385 395
388 390
388 391
399 500
399 501
409 456
409 457
410 474
410 475
411 508
411 509
412 492
412 493
413 428
413 429
423 460
423 461
424 434
424 435
430 498
430 499
441 502
441 503
443 466
443 467
449 468
449 469
473 478
473 479
