458
1 194
1 353
1 231
1 101
1 234
1 91
2 358
2 120
2 385
3 414
3 115
3 13
3 419
6 205
8 301
8 239
8 220
9 58
9 149
11 124
13 38
13 260
15 388
17 65
19 71
20 311
21 146
23 333
24 422
25 147
27 259
27 235
27 191
27 136
27 66
28 229
29 391
29 289
29 204
32 144
36 249
36 99
36 137
36 216
36 19
36 246
40 302
40 62
40 390
42 203
42 185
42 168
43 310
44 224
44 371
46 96
47 103
47 55
47 135
48 59
48 39
48 111
48 202
51 293
52 116
52 321
52 107
52 255
52 313
52 266
53 145
53 362
55 324
56 3
56 323
56 60
56 318
56 227
56 270
58 359
59 172
59 285
59 76
60 104
61 77
61 209
61 22
61 399
63 97
63 87
67 411
70 57
71 303
72 74
72 100
73 424
74 70
75 109
75 367
77 343
77 68
80 33
81 344
84 448
84 244
84 327
84 200
86 454
86 79
86 50
86 35
89 416
90 277
90 122
91 440
91 125
91 212
91 380
93 370
94 314
97 413
98 361
98 49
101 455
101 129
102 352
102 330
103 452
103 158
104 183
105 242
106 446
107 159
108 357
109 217
110 166
110 364
111 328
112 377
112 386
113 438
115 81
115 264
115 408
115 121
116 258
116 102
116 393
116 431
117 232
117 397
119 396
120 363
124 435
126 118
128 430
128 394
128 84
128 373
128 252
128 20
128 319
129 272
132 312
135 85
136 436
136 112
136 274
139 208
145 351
150 225
150 250
155 400
155 449
159 378
159 186
161 230
161 180
162 89
162 221
162 18
162 245
162 350
162 392
163 257
164 326
166 294
166 374
170 372
170 354
170 162
170 450
172 88
175 241
175 106
175 42
175 429
175 198
177 412
177 178
178 441
178 8
178 365
182 417
182 40
182 418
183 403
184 206
185 24
185 410
187 383
187 73
187 150
187 308
187 287
187 190
187 210
190 193
190 32
191 2
191 300
191 64
194 128
194 177
194 187
194 36
194 182
194 339
194 61
194 86
195 167
196 240
197 384
197 173
198 215
198 254
200 117
200 45
200 331
201 48
201 315
203 335
207 9
211 15
211 93
212 152
212 188
213 288
216 405
218 451
218 169
218 307
219 309
229 164
229 114
231 52
231 406
231 345
231 395
231 155
231 16
232 456
232 453
233 10
234 444
234 425
235 141
235 130
237 110
237 223
237 161
237 298
237 219
237 251
240 131
241 284
243 163
243 226
243 295
244 256
244 237
244 347
246 11
249 368
249 154
252 420
252 90
252 263
253 228
254 348
256 434
256 7
256 297
256 25
256 192
259 63
259 443
259 197
260 126
264 46
265 6
266 156
268 127
271 134
273 265
273 334
273 160
273 299
273 426
273 291
274 138
282 404
283 369
287 213
288 214
289 375
291 445
292 329
292 336
294 12
295 276
295 447
296 171
296 181
297 437
298 398
300 280
300 153
302 37
302 268
312 325
312 355
315 316
317 402
318 34
321 148
321 80
322 427
322 5
323 92
324 267
324 83
324 286
328 283
334 428
334 94
334 184
335 379
335 407
338 142
338 243
339 29
340 28
342 17
342 253
343 442
345 201
345 211
345 218
349 119
349 143
350 189
353 170
353 43
354 132
354 165
355 421
356 360
360 320
368 238
368 389
369 306
369 346
372 262
372 41
373 175
380 176
381 317
382 356
382 278
382 282
382 72
383 271
383 196
383 179
387 75
388 304
391 44
391 151
391 51
391 30
391 337
391 54
393 69
394 56
394 381
394 98
394 4
395 233
395 157
402 281
404 279
406 47
406 21
412 273
412 207
412 26
412 382
412 432
412 366
413 376
414 31
416 415
416 108
417 113
417 296
418 305
420 195
423 322
423 275
423 95
426 261
426 82
426 140
428 332
428 67
428 78
429 401
429 222
430 27
430 342
430 423
430 387
430 290
433 341
433 269
433 199
434 457
434 236
434 23
438 439
441 105
441 340
441 14
443 338
443 53
443 433
448 123
448 247
452 458
452 133
452 248
454 139
455 292
457 174
458 349
458 409
