344
1 277
1 162
1 212
1 238
1 293
2 124
4 155
7 118
7 23
8 105
8 50
8 160
8 329
9 227
9 78
10 69
12 121
14 270
15 249
17 290
17 108
17 234
17 30
17 165
18 287
18 224
19 314
19 167
19 310
24 128
24 284
25 12
25 95
26 151
26 196
28 109
32 200
32 198
39 246
41 307
41 26
43 142
45 214
45 328
45 341
45 57
45 330
46 262
47 316
49 62
49 191
50 25
50 184
50 338
50 33
51 339
52 217
52 288
52 331
53 150
54 39
54 154
61 174
62 42
62 242
62 202
62 27
62 260
66 149
67 117
67 336
68 53
68 250
69 48
69 269
69 169
70 298
75 203
75 303
76 245
77 265
77 60
79 178
84 98
84 244
84 240
86 106
86 51
86 308
86 88
86 35
88 344
89 337
92 19
92 268
93 172
93 17
93 228
93 129
94 144
95 166
97 13
98 81
98 119
100 103
103 342
105 32
105 138
105 59
106 327
107 56
107 319
107 22
108 334
111 86
111 315
112 90
114 146
120 49
120 114
120 6
120 143
120 126
122 230
123 140
125 194
126 321
128 44
128 282
129 252
131 239
131 175
132 276
132 65
132 302
132 186
133 80
134 279
135 272
135 177
135 323
135 130
135 24
135 325
137 104
138 295
138 89
138 134
141 299
142 197
143 289
144 170
144 5
144 11
146 100
151 131
151 218
151 79
151 152
152 64
153 120
153 93
155 322
156 286
157 275
157 187
157 116
158 300
158 219
160 305
160 271
162 301
162 297
162 153
162 157
162 294
162 183
163 20
163 261
163 37
163 87
164 148
164 36
166 63
171 161
172 7
172 66
175 147
177 163
177 207
177 18
177 28
177 168
180 291
180 16
180 83
184 43
184 14
184 313
184 190
191 324
192 85
192 115
193 99
193 137
194 96
195 309
196 68
200 97
200 67
202 210
202 195
203 233
203 112
204 111
204 185
205 216
207 179
209 76
209 127
210 47
210 220
210 267
211 236
212 158
212 122
212 263
213 40
213 4
213 306
214 58
214 125
214 21
214 241
218 188
220 54
220 232
220 139
221 46
226 333
226 273
227 82
228 221
228 38
231 266
231 254
233 225
234 72
236 248
236 199
238 237
239 206
240 77
242 213
242 255
243 281
244 133
244 320
247 343
248 209
248 29
249 332
249 94
249 91
251 71
251 182
255 136
255 145
257 41
257 135
257 84
257 192
257 201
259 326
259 335
260 173
260 235
267 258
270 304
274 45
274 3
274 107
275 256
275 164
275 208
276 318
277 204
277 257
277 132
277 340
277 101
277 34
281 226
283 61
283 251
283 181
283 73
285 229
287 156
289 312
289 159
292 171
292 15
293 285
296 2
297 274
297 8
297 92
297 259
297 110
298 180
300 113
301 292
301 243
301 211
302 222
307 283
307 317
307 193
307 31
308 141
312 264
315 280
317 55
318 102
318 253
323 247
323 75
324 52
324 70
327 278
329 10
329 9
329 311
331 205
337 176
340 231
340 74
341 296
341 123
342 215
343 189
344 223
