386
1 163
1 228
1 175
1 357
1 105
2 67
3 372
3 101
3 172
3 141
3 126
3 127
3 368
3 265
3 49
4 359
4 32
5 363
5 69
5 352
5 161
6 210
7 162
7 252
7 384
10 131
12 202
12 10
12 301
12 189
12 147
14 267
15 385
15 137
16 373
17 311
19 375
21 86
21 93
22 74
23 247
23 159
23 250
26 142
26 119
28 245
28 55
30 154
31 190
31 24
31 90
33 332
33 180
37 251
39 257
40 166
40 111
41 85
42 312
42 374
42 244
42 237
42 195
42 263
43 299
44 253
44 28
44 82
44 266
44 196
46 50
46 203
46 153
47 205
47 2
47 120
50 68
51 38
55 207
55 13
57 174
57 165
59 246
60 295
60 98
60 303
60 316
61 19
62 43
69 350
69 371
70 235
70 335
71 122
72 231
72 214
75 323
75 23
75 97
76 17
76 329
79 258
79 328
79 71
82 87
82 102
82 238
83 177
84 302
84 39
84 217
86 57
88 221
88 156
88 274
91 40
91 138
91 60
91 176
91 173
92 107
94 169
94 198
98 99
99 279
100 201
101 103
101 135
102 236
102 356
103 364
103 77
104 326
105 108
106 358
108 115
113 233
114 367
115 269
117 183
123 96
123 318
125 26
126 72
126 18
127 181
127 125
127 109
129 47
129 254
129 262
129 285
132 298
133 336
134 309
136 54
137 35
137 100
137 53
138 106
138 168
138 192
138 230
138 95
139 116
141 42
141 355
145 331
145 276
149 30
155 160
158 291
158 112
161 150
162 158
163 3
163 220
163 5
163 193
163 271
166 382
166 114
166 344
168 343
169 347
170 48
172 354
172 75
172 70
172 155
173 184
175 380
175 365
176 349
176 118
177 59
179 308
185 320
186 170
186 37
188 44
188 11
188 63
190 284
190 315
190 240
190 293
190 223
190 4
192 273
193 334
193 84
193 94
193 224
193 232
194 259
200 260
200 378
202 255
203 294
204 73
205 76
205 341
208 351
208 128
209 15
209 330
210 146
215 209
215 362
215 339
216 92
216 65
218 91
218 62
218 227
219 9
220 218
220 188
220 386
221 34
221 185
226 132
227 33
227 151
227 148
228 7
228 58
231 289
231 324
231 143
231 249
234 8
235 145
239 277
240 110
240 89
244 286
247 377
248 321
248 281
249 370
249 348
252 167
252 51
253 310
257 121
258 187
264 243
265 213
265 222
265 104
266 280
266 353
266 83
267 66
271 248
272 264
275 56
277 171
279 283
280 194
280 113
280 182
283 164
284 152
287 275
289 314
290 157
290 45
291 46
292 136
295 204
295 79
295 20
298 381
299 366
300 226
300 307
300 304
301 134
301 25
302 337
302 200
303 256
306 124
307 22
309 340
310 317
311 64
312 88
315 296
315 27
316 123
316 130
316 140
318 29
321 191
322 199
322 6
323 261
324 338
324 186
329 288
331 290
332 78
332 268
333 383
333 282
334 215
334 21
334 297
334 41
334 327
337 14
337 270
338 234
339 287
341 333
341 81
344 313
344 52
345 117
345 376
346 31
346 149
346 292
346 219
347 139
351 319
351 242
354 346
354 144
357 206
358 305
360 369
360 133
360 179
361 272
362 306
362 211
362 225
363 129
363 212
364 80
365 241
367 360
367 178
369 16
371 322
375 197
376 325
379 216
379 239
380 345
380 36
380 208
380 61
382 361
385 278
385 229
386 12
386 342
386 300
386 379
