190
1 34
1 174
1 63
1 45
1 113
1 95
3 20
6 48
6 83
6 167
6 130
6 7
6 173
8 98
8 90
8 80
8 99
8 184
10 60
10 162
10 190
10 49
11 140
13 128
15 92
15 138
15 152
15 142
15 141
17 180
19 52
19 116
21 66
22 25
22 158
24 150
24 28
24 29
24 119
25 10
25 185
25 82
25 114
25 147
27 65
27 47
30 11
31 57
32 179
32 59
32 132
33 112
34 42
34 121
34 37
34 76
35 100
35 145
35 129
35 46
41 67
43 124
44 168
44 89
45 104
45 91
45 189
48 68
51 153
53 40
55 171
55 117
60 169
60 187
60 178
61 159
63 105
63 64
63 8
63 108
63 122
64 131
64 6
74 109
77 101
81 73
81 94
82 69
83 53
83 146
83 72
86 111
87 148
87 51
88 41
88 39
88 21
88 75
88 166
90 87
91 118
92 43
97 182
98 164
99 170
99 163
100 74
100 188
104 55
104 88
104 115
104 161
104 85
105 26
108 157
110 172
111 71
112 13
113 15
114 27
114 36
114 96
115 183
117 139
118 16
120 144
123 70
124 102
126 143
129 127
131 135
131 14
134 22
134 79
134 110
135 123
135 126
135 3
136 137
136 38
140 165
140 18
140 31
143 62
143 61
144 177
147 155
147 107
148 23
149 175
149 50
150 86
151 32
152 12
155 93
155 181
157 106
157 17
158 176
158 151
158 56
158 5
159 154
160 103
160 78
168 120
169 4
169 54
172 156
173 125
174 134
174 58
174 35
174 19
174 30
174 44
174 160
176 81
176 24
176 2
178 84
184 97
184 133
185 136
185 33
187 149
190 186
190 77
190 9
