1023
1 2
1 3
2 4
2 5
3 8
3 9
4 12
4 13
5 6
5 7
6 16
6 17
7 20
7 21
8 24
8 25
9 10
9 11
10 28
10 29
11 32
11 33
12 36
12 37
13 14
13 15
14 40
14 41
15 44
15 45
16 48
16 49
17 18
17 19
18 52
18 53
19 56
19 57
20 60
20 61
21 22
21 23
22 64
22 65
23 68
23 69
24 72
24 73
25 26
25 27
26 76
26 77
27 80
27 81
28 84
28 85
29 30
29 31
30 88
30 89
31 92
31 93
32 96
32 97
33 34
33 35
34 100
34 101
35 104
35 105
36 108
36 109
37 38
37 39
38 112
38 113
39 116
39 117
40 120
40 121
41 42
41 43
42 124
42 125
43 128
43 129
44 132
44 133
45 46
45 47
46 136
46 137
47 140
47 141
48 144
48 145
49 50
49 51
50 148
50 149
51 152
51 153
52 156
52 157
53 54
53 55
54 160
54 161
55 164
55 165
56 168
56 169
57 58
57 59
58 172
58 173
59 176
59 177
60 180
60 181
61 62
61 63
62 184
62 185
63 188
63 189
64 192
64 193
65 66
65 67
66 196
66 197
67 200
67 201
68 204
68 205
69 70
69 71
70 208
70 209
71 212
71 213
72 216
72 217
73 74
73 75
74 220
74 221
75 224
75 225
76 228
76 229
77 78
77 79
78 232
78 233
79 236
79 237
80 240
80 241
81 82
81 83
82 244
82 245
83 248
83 249
84 252
84 253
85 86
85 87
86 256
86 257
87 260
87 261
88 264
88 265
89 90
89 91
90 268
90 269
91 272
91 273
92 276
92 277
93 94
93 95
94 280
94 281
95 284
95 285
96 288
96 289
97 98
97 99
98 292
98 293
99 296
99 297
100 300
100 301
101 102
101 103
102 304
102 305
103 308
103 309
104 312
104 313
105 106
105 107
106 316
106 317
107 320
107 321
108 324
108 325
109 110
109 111
110 328
110 329
111 332
111 333
112 336
112 337
113 114
113 115
114 340
114 341
115 344
115 345
116 348
116 349
117 118
117 119
118 352
118 353
119 356
119 357
120 360
120 361
121 122
121 123
122 364
122 365
123 368
123 369
124 372
124 373
125 126
125 127
126 376
126 377
127 380
127 381
128 384
128 385
129 130
129 131
130 388
130 389
131 392
131 393
132 396
132 397
133 134
133 135
134 400
134 401
135 404
135 405
136 408
136 409
137 138
137 139
138 412
138 413
139 416
139 417
140 420
140 421
141 142
141 143
142 424
142 425
143 428
143 429
144 432
144 433
145 146
145 147
146 436
146 437
147 440
147 441
148 444
148 445
149 150
149 151
150 448
150 449
151 452
151 453
152 456
152 457
153 154
153 155
154 460
154 461
155 464
155 465
156 468
156 469
157 158
157 159
158 472
158 473
159 476
159 477
160 480
160 481
161 162
161 163
162 484
162 485
163 488
163 489
164 492
164 493
165 166
165 167
166 496
166 497
167 500
167 501
168 504
168 505
169 170
169 171
170 508
170 509
171 512
171 513
172 516
172 517
173 174
173 175
174 520
174 521
175 524
175 525
176 528
176 529
177 178
177 179
178 532
178 533
179 536
179 537
180 540
180 541
181 182
181 183
182 544
182 545
183 548
183 549
184 552
184 553
185 186
185 187
186 556
186 557
187 560
187 561
188 564
188 565
189 190
189 191
190 568
190 569
191 572
191 573
192 576
192 577
193 194
193 195
194 580
194 581
195 584
195 585
196 588
196 589
197 198
197 199
198 592
198 593
199 596
199 597
200 600
200 601
201 202
201 203
202 604
202 605
203 608
203 609
204 612
204 613
205 206
205 207
206 616
206 617
207 620
207 621
208 624
208 625
209 210
209 211
210 628
210 629
211 632
211 633
212 636
212 637
213 214
213 215
214 640
214 641
215 644
215 645
216 648
216 649
217 218
217 219
218 652
218 653
219 656
219 657
220 660
220 661
221 222
221 223
222 664
222 665
223 668
223 669
224 672
224 673
225 226
225 227
226 676
226 677
227 680
227 681
228 684
228 685
229 230
229 231
230 688
230 689
231 692
231 693
232 696
232 697
233 234
233 235
234 700
234 701
235 704
235 705
236 708
236 709
237 238
237 239
238 712
238 713
239 716
239 717
240 720
240 721
241 242
241 243
242 724
242 725
243 728
243 729
244 732
244 733
245 246
245 247
246 736
246 737
247 740
247 741
248 744
248 745
249 250
249 251
250 748
250 749
251 752
251 753
252 756
252 757
253 254
253 255
254 760
254 761
255 764
255 765
256 768
256 769
257 258
257 259
258 772
258 773
259 776
259 777
260 780
260 781
261 262
261 263
262 784
262 785
263 788
263 789
264 792
264 793
265 266
265 267
266 796
266 797
267 800
267 801
268 804
268 805
269 270
269 271
270 808
270 809
271 812
271 813
272 816
272 817
273 274
273 275
274 820
274 821
275 824
275 825
276 828
276 829
277 278
277 279
278 832
278 833
279 836
279 837
280 840
280 841
281 282
281 283
282 844
282 845
283 848
283 849
284 852
284 853
285 286
285 287
286 856
286 857
287 860
287 861
288 864
288 865
289 290
289 291
290 868
290 869
291 872
291 873
292 876
292 877
293 294
293 295
294 880
294 881
295 884
295 885
296 888
296 889
297 298
297 299
298 892
298 893
299 896
299 897
300 900
300 901
301 302
301 303
302 904
302 905
303 908
303 909
304 912
304 913
305 306
305 307
306 916
306 917
307 920
307 921
308 924
308 925
309 310
309 311
310 928
310 929
311 932
311 933
312 936
312 937
313 314
313 315
314 940
314 941
315 944
315 945
316 948
316 949
317 318
317 319
318 952
318 953
319 956
319 957
320 960
320 961
321 322
321 323
322 964
322 965
323 968
323 969
324 972
324 973
325 326
325 327
326 976
326 977
327 980
327 981
328 984
328 985
329 330
329 331
330 988
330 989
331 992
331 993
332 996
332 997
333 334
333 335
334 1000
334 1001
335 1004
335 1005
336 1008
336 1009
337 338
337 339
338 1012
338 1013
339 1016
339 1017
340 1020
340 1021
341 342
341 343
345 346
345 347
349 350
349 351
353 354
353 355
357 358
357 359
361 362
361 363
365 366
365 367
369 370
369 371
373 374
373 375
377 378
377 379
381 382
381 383
385 386
385 387
389 390
389 391
393 394
393 395
397 398
397 399
401 402
401 403
405 406
405 407
409 410
409 411
413 414
413 415
417 418
417 419
421 422
421 423
425 426
425 427
429 430
429 431
433 434
433 435
437 438
437 439
441 442
441 443
445 446
445 447
449 450
449 451
453 454
453 455
457 458
457 459
461 462
461 463
465 466
465 467
469 470
469 471
473 474
473 475
477 478
477 479
481 482
481 483
485 486
485 487
489 490
489 491
493 494
493 495
497 498
497 499
501 502
501 503
505 506
505 507
509 510
509 511
513 514
513 515
517 518
517 519
521 522
521 523
525 526
525 527
529 530
529 531
533 534
533 535
537 538
537 539
541 542
541 543
545 546
545 547
549 550
549 551
553 554
553 555
557 558
557 559
561 562
561 563
565 566
565 567
569 570
569 571
573 574
573 575
577 578
577 579
581 582
581 583
585 586
585 587
589 590
589 591
593 594
593 595
597 598
597 599
601 602
601 603
605 606
605 607
609 610
609 611
613 614
613 615
617 618
617 619
621 622
621 623
625 626
625 627
629 630
629 631
633 634
633 635
637 638
637 639
641 642
641 643
645 646
645 647
649 650
649 651
653 654
653 655
657 658
657 659
661 662
661 663
665 666
665 667
669 670
669 671
673 674
673 675
677 678
677 679
681 682
681 683
685 686
685 687
689 690
689 691
693 694
693 695
697 698
697 699
701 702
701 703
705 706
705 707
709 710
709 711
713 714
713 715
717 718
717 719
721 722
721 723
725 726
725 727
729 730
729 731
733 734
733 735
737 738
737 739
741 742
741 743
745 746
745 747
749 750
749 751
753 754
753 755
757 758
757 759
761 762
761 763
765 766
765 767
769 770
769 771
773 774
773 775
777 778
777 779
781 782
781 783
785 786
785 787
789 790
789 791
793 794
793 795
797 798
797 799
801 802
801 803
805 806
805 807
809 810
809 811
813 814
813 815
817 818
817 819
821 822
821 823
825 826
825 827
829 830
829 831
833 834
833 835
837 838
837 839
841 842
841 843
845 846
845 847
849 850
849 851
853 854
853 855
857 858
857 859
861 862
861 863
865 866
865 867
869 870
869 871
873 874
873 875
877 878
877 879
881 882
881 883
885 886
885 887
889 890
889 891
893 894
893 895
897 898
897 899
901 902
901 903
905 906
905 907
909 910
909 911
913 914
913 915
917 918
917 919
921 922
921 923
925 926
925 927
929 930
929 931
933 934
933 935
937 938
937 939
941 942
941 943
945 946
945 947
949 950
949 951
953 954
953 955
957 958
957 959
961 962
961 963
965 966
965 967
969 970
969 971
973 974
973 975
977 978
977 979
981 982
981 983
985 986
985 987
989 990
989 991
993 994
993 995
997 998
997 999
1001 1002
1001 1003
1005 1006
1005 1007
1009 1010
1009 1011
1013 1014
1013 1015
1017 1018
1017 1019
1021 1022
1021 1023
