300
1 227
1 76
1 105
1 170
1 172
1 13
1 51
1 272
2 46
2 174
2 234
2 32
3 144
4 59
4 205
7 148
7 239
9 154
11 99
13 72
13 220
13 58
14 236
14 52
15 241
15 242
15 207
15 210
15 139
16 74
23 277
23 34
23 119
23 122
23 120
24 67
25 261
28 297
29 138
29 240
31 171
31 225
31 142
33 285
34 90
34 92
34 300
35 8
37 188
41 269
41 231
41 194
41 197
43 155
43 177
44 146
46 145
48 292
49 38
56 222
56 30
57 298
57 216
57 69
59 278
59 61
62 288
63 20
63 223
64 196
65 221
65 101
67 289
67 50
69 94
71 5
74 39
76 79
76 259
77 137
77 250
77 19
79 237
79 133
79 102
81 64
81 68
84 136
85 121
86 253
86 190
87 260
88 132
88 178
89 156
90 186
91 191
91 229
92 193
94 165
95 16
96 217
99 96
99 54
100 140
101 134
101 111
103 294
103 274
104 264
105 215
105 71
105 33
105 125
105 209
105 176
109 12
109 158
110 7
110 262
110 70
110 131
114 115
118 199
118 291
118 100
125 181
125 255
125 83
126 15
126 86
126 180
126 81
126 150
127 167
129 88
129 283
129 95
129 113
129 14
129 73
129 166
130 47
130 195
132 62
132 82
140 282
140 107
142 265
142 151
145 9
147 4
148 263
148 218
149 232
150 53
158 266
159 6
167 93
168 104
168 228
168 247
169 124
170 127
172 252
172 249
172 10
172 123
173 293
173 280
173 106
174 60
180 143
181 17
181 103
189 87
190 244
193 246
194 45
194 219
194 25
196 26
198 29
199 204
200 296
200 49
200 135
200 208
200 271
201 286
202 108
203 77
205 256
206 226
206 147
206 173
206 183
206 63
206 179
207 281
207 130
207 44
208 230
209 164
209 212
209 112
209 254
210 169
211 299
211 159
213 175
213 97
220 248
224 185
226 245
226 211
227 233
227 126
227 275
227 11
227 238
228 114
229 162
231 3
231 287
231 224
231 152
233 267
233 84
233 109
233 22
233 28
233 55
234 21
236 184
237 206
237 31
239 214
241 23
242 41
242 129
242 203
244 284
245 200
245 182
245 116
247 273
249 24
249 189
249 213
251 270
251 279
251 18
251 27
252 65
252 2
252 163
253 57
253 110
253 149
253 36
254 117
256 258
256 157
258 268
259 91
259 128
261 78
262 48
267 56
267 43
267 141
269 202
270 153
271 40
272 187
274 37
275 251
275 80
275 66
275 295
275 257
276 35
278 198
278 160
278 98
281 118
281 168
281 192
283 276
283 243
284 235
288 201
291 89
293 161
294 42
296 75
296 85
298 290
