372
1 345
1 126
1 318
1 239
1 323
1 226
1 291
4 267
5 277
6 12
6 171
6 180
7 286
8 102
10 165
10 117
12 334
13 289
13 252
15 42
17 327
18 356
19 60
23 6
23 207
23 275
25 76
25 153
27 115
27 213
27 225
27 137
27 195
27 173
27 361
27 347
28 69
29 161
30 118
30 75
30 33
31 160
31 284
34 302
35 335
36 30
36 193
40 250
43 333
43 306
47 149
47 48
49 220
49 129
50 368
50 366
51 251
51 238
51 100
51 15
51 326
54 201
57 264
58 170
58 232
61 223
61 17
62 337
64 147
64 359
64 164
65 198
65 146
66 141
68 57
69 34
72 122
72 169
72 104
74 301
75 11
76 90
78 167
80 287
80 246
82 245
82 372
84 317
84 7
84 296
87 80
91 95
91 297
91 319
91 212
91 182
91 108
92 203
94 228
95 134
98 26
102 190
102 308
103 47
103 107
103 59
103 71
108 343
108 103
108 120
108 132
111 162
113 151
113 58
113 364
115 155
115 346
116 352
118 371
119 354
122 184
122 79
124 206
124 353
126 324
126 254
126 78
135 269
136 54
137 294
137 260
137 51
138 214
139 341
139 262
139 98
139 119
142 70
144 316
145 209
146 81
146 63
147 158
147 40
149 236
152 92
152 177
154 186
155 49
155 24
156 311
156 290
156 259
158 44
159 257
159 358
161 178
165 109
168 204
168 242
169 148
170 88
170 5
170 163
171 9
172 168
172 357
174 349
175 215
175 106
175 331
176 35
178 181
179 10
179 329
180 145
180 211
182 154
182 31
186 135
186 74
187 273
187 216
187 285
187 55
195 241
195 325
195 299
195 315
195 125
196 253
196 121
199 65
205 270
207 4
207 240
207 97
208 66
208 52
212 247
212 222
213 274
213 91
213 350
213 348
213 185
214 133
217 261
218 179
218 2
218 53
218 39
219 237
222 243
223 360
225 263
225 332
226 208
226 258
226 111
226 363
229 313
229 194
230 140
230 89
232 14
233 339
234 56
234 217
234 224
235 210
238 29
238 87
239 310
239 344
239 86
241 43
251 144
251 365
253 298
254 84
255 303
255 322
257 268
257 362
258 266
260 82
260 230
260 205
260 234
261 22
263 77
263 176
264 355
266 96
268 110
268 166
270 150
271 28
271 101
272 85
274 312
274 152
274 249
274 328
279 183
279 200
279 112
281 272
288 25
288 202
289 94
289 130
289 248
289 278
294 23
294 172
294 351
297 330
297 174
299 276
300 338
302 309
302 93
307 265
307 342
307 197
310 50
310 295
312 156
312 18
312 307
313 233
314 72
314 340
314 131
314 46
314 127
314 231
316 244
317 221
318 159
318 36
318 113
318 68
318 279
318 105
319 300
319 124
319 191
319 367
319 283
321 139
321 189
323 219
324 370
324 61
325 73
325 32
325 8
326 123
328 320
330 136
330 19
330 293
330 138
334 196
334 256
336 187
336 143
336 41
336 157
338 369
340 16
340 13
340 235
341 304
341 280
343 83
344 45
344 288
344 21
345 27
345 314
345 64
345 116
345 188
346 336
346 229
347 282
347 62
349 38
349 142
350 3
350 271
350 292
350 255
351 128
352 199
352 20
352 67
357 175
357 37
358 305
359 227
359 192
359 114
359 99
368 218
368 281
370 321
