1500 10
781137668 0 1500
444026 1 1499
537175252 2 1498
347444871 3 1497
834837564 4 1496
688146826 5 1495
605651863 6 1494
121712412 7 1493
945437649 8 1492
269593008 9 1491
950131384 10 1490
316685050 11 1489
642491192 12 1488
807779014 13 1487
1809064 14 1486
120797679 15 1485
286927363 16 1484
550343542 17 1483
330877165 18 1482
81479578 19 1481
56250155 20 1480
366287239 21 1479
830519074 22 1478
389747246 23 1477
941977572 24 1476
381915947 25 1475
28656421 26 1474
506217814 27 1473
16392346 28 1472
187781844 29 1471
641587095 30 1470
426065225 31 1469
837083412 32 1468
392754874 33 1467
652103511 34 1466
553149944 35 1465
556882756 36 1464
616571166 37 1463
666091230 38 1462
426499004 39 1461
767495927 40 1460
44697159 41 1459
473145805 42 1458
578659407 43 1457
15508204 44 1456
274312742 45 1455
376403225 46 1454
783920655 47 1453
592027792 48 1452
910310017 49 1451
945725627 50 1450
989932250 51 1449
489062446 52 1448
640184213 53 1447
23041981 54 1446
845318695 55 1445
624023877 56 1444
350476930 57 1443
280940464 58 1442
979093227 59 1441
412812054 60 1440
383659578 61 1439
474050358 62 1438
670473027 63 1437
42085785 64 1436
123605624 65 1435
310642246 66 1434
758628299 67 1433
418016989 68 1432
442332376 69 1431
511517412 70 1430
467293684 71 1429
871145949 72 1428
89488536 73 1427
544468759 74 1426
140802265 75 1425
210190007 76 1424
184789660 77 1423
576886329 78 1422
51379480 79 1421
564735818 80 1420
706761155 81 1419
659291753 82 1418
886833792 83 1417
304410428 84 1416
156860913 85 1415
193137945 86 1414
249800048 87 1413
737916290 88 1412
598695034 89 1411
683266416 90 1410
361595009 91 1409
846589856 92 1408
289832130 93 1407
26289563 94 1406
235435238 95 1405
43695424 96 1404
70471516 97 1403
264706086 98 1402
548150570 99 1401
679899383 100 1400
870821209 101 1399
840412411 102 1398
335850529 103 1397
367071431 104 1396
344422876 105 1395
656539700 106 1394
660795850 107 1393
453230644 108 1392
856261 109 1391
553718554 110 1390
671050826 111 1389
159719187 112 1388
582523091 113 1387
783365994 114 1386
795374772 115 1385
882459564 116 1384
765872768 117 1383
664137698 118 1382
97947100 119 1381
4257866 120 1380
778041041 121 1379
682763244 122 1378
983597213 123 1377
757228426 124 1376
980480473 125 1375
219486396 126 1374
952554995 127 1373
37316525 128 1372
495034917 129 1371
978876435 130 1370
363629092 131 1369
661378825 132 1368
532892041 133 1367
975180275 134 1366
441661621 135 1365
737949889 136 1364
492244666 137 1363
921268427 138 1362
416250855 139 1361
300548261 140 1360
621880141 141 1359
786465580 142 1358
793655745 143 1357
743253681 144 1356
882023662 145 1355
676952684 146 1354
388914634 147 1353
25380326 148 1352
508477253 149 1351
132802453 150 1350
888892234 151 1349
312875748 152 1348
696693368 153 1347
964353277 154 1346
240140416 155 1345
757411553 156 1344
162985857 157 1343
397157246 158 1342
383609534 159 1341
318648280 160 1340
146930028 161 1339
249979104 162 1338
234978891 163 1337
972093096 164 1336
880211915 165 1335
715162491 166 1334
641366118 167 1333
120867205 168 1332
810252408 169 1331
753793966 170 1330
395467000 171 1329
333962296 172 1328
230453272 173 1327
443960633 174 1326
262028549 175 1325
199651784 176 1324
857318467 177 1323
177533334 178 1322
976940121 179 1321
422028614 180 1320
264033939 181 1319
961344829 182 1318
504115664 183 1317
799006461 184 1316
260570415 185 1315
605703247 186 1314
493748952 187 1313
378680993 188 1312
691871134 189 1311
167429387 190 1310
396382919 191 1309
865173923 192 1308
343485495 193 1307
248615301 194 1306
858502456 195 1305
1971792 196 1304
206914943 197 1303
181841724 198 1302
183036065 199 1301
837575260 200 1300
638520579 201 1299
369914415 202 1298
794967009 203 1297
11475274 204 1296
377608116 205 1295
755144617 206 1294
415487699 207 1293
530886173 208 1292
934772896 209 1291
744263536 210 1290
784431453 211 1289
185101413 212 1288
966319870 213 1287
774507248 214 1286
389664643 215 1285
690546729 216 1284
412295161 217 1283
597391192 218 1282
151241533 219 1281
715081079 220 1280
768467848 221 1279
74725128 222 1278
45203177 223 1277
524381279 224 1276
344628022 225 1275
848839725 226 1274
922135399 227 1273
746752806 228 1272
223521650 229 1271
829655735 230 1270
489595679 231 1269
682361847 232 1268
28674288 233 1267
686059080 234 1266
456856363 235 1265
626890998 236 1264
287803321 237 1263
632542303 238 1262
653151962 239 1261
816115444 240 1260
831919285 241 1259
892782079 242 1258
14386146 243 1257
153878197 244 1256
863126363 245 1255
322674338 246 1254
328378625 247 1253
150787336 248 1252
394928071 249 1251
335642903 250 1250
806917186 251 1249
227627837 252 1248
288374966 253 1247
311979889 254 1246
743315023 255 1245
581944007 256 1244
290508014 257 1243
42552797 258 1242
605266165 259 1241
979627141 260 1240
498483485 261 1239
173860238 262 1238
424621204 263 1237
992777067 264 1236
82160904 265 1235
837988820 266 1234
778431906 267 1233
450508306 268 1232
953572275 269 1231
13822418 270 1230
525842004 271 1229
949385938 272 1228
30314328 273 1227
185467227 274 1226
879774190 275 1225
57464607 276 1224
268111844 277 1223
90469138 278 1222
893643276 279 1221
794506308 280 1220
915150377 281 1219
373072931 282 1218
98380682 283 1217
783762342 284 1216
284563832 285 1215
168577113 286 1214
140887887 287 1213
375465578 288 1212
31316570 289 1211
473444530 290 1210
217861728 291 1209
391799629 292 1208
864707464 293 1207
744931833 294 1206
869525958 295 1205
548578748 296 1204
856463272 297 1203
329513426 298 1202
3944345 299 1201
631557144 300 1200
264672112 301 1199
290226392 302 1198
701834788 303 1197
299371795 304 1196
879728773 305 1195
733888040 306 1194
904673452 307 1193
51342745 308 1192
761117873 309 1191
978772002 310 1190
164225176 311 1189
194639242 312 1188
649962659 313 1187
35864903 314 1186
250538087 315 1185
180929490 316 1184
847463652 317 1183
2560884 318 1182
121712138 319 1181
495446540 320 1180
446956641 321 1179
244235659 322 1178
292521785 323 1177
918092515 324 1176
562350559 325 1175
883037303 326 1174
95512888 327 1173
636160698 328 1172
87450655 329 1171
773999682 330 1170
16436572 331 1169
160006421 332 1168
814665982 333 1167
499219792 334 1166
397560198 335 1165
775566788 336 1164
917144164 337 1163
147379374 338 1162
420547456 339 1161
901072810 340 1160
694067889 341 1159
707047944 342 1158
988393380 343 1157
59602527 344 1156
140573330 345 1155
204203866 346 1154
159209890 347 1153
267919404 348 1152
678885870 349 1151
999765577 350 1150
684331961 351 1149
121138250 352 1148
786556880 353 1147
88985143 354 1146
420544475 355 1145
861913439 356 1144
513459158 357 1143
569381775 358 1142
381311273 359 1141
963749368 360 1140
176638985 361 1139
792277345 362 1138
605557362 363 1137
68625211 364 1136
316796848 365 1135
726378787 366 1134
62534999 367 1133
436840991 368 1132
925865579 369 1131
975839723 370 1130
445954000 371 1129
840833898 372 1128
59347336 373 1127
452004302 374 1126
133291796 375 1125
954356676 376 1124
939453875 377 1123
478883545 378 1122
461684263 379 1121
411508179 380 1120
809217362 381 1119
628839719 382 1118
903355587 383 1117
351834566 384 1116
552513802 385 1115
799645115 386 1114
522742464 387 1113
143210314 388 1112
79434297 389 1111
339808570 390 1110
758796956 391 1109
795870827 392 1108
348313759 393 1107
208509099 394 1106
201288263 395 1105
418760179 396 1104
45146957 397 1103
211390179 398 1102
174537312 399 1101
458873810 400 1100
391877010 401 1099
109410774 402 1098
706569142 403 1097
799964263 404 1096
915446847 405 1095
242023557 406 1094
154709810 407 1093
969845736 408 1092
48144365 409 1091
183100301 410 1090
649656678 411 1089
850338322 412 1088
547255443 413 1087
469912384 414 1086
373863769 415 1085
569231774 416 1084
115684625 417 1083
403321921 418 1082
198222917 419 1081
797499283 420 1080
966148121 421 1079
558394405 422 1078
715906938 423 1077
200770729 424 1076
290387835 425 1075
51360966 426 1074
66685146 427 1073
500032436 428 1072
367685981 429 1071
552651053 430 1070
775173177 431 1069
484991019 432 1068
847577430 433 1067
932567876 434 1066
900309506 435 1065
463065764 436 1064
753750807 437 1063
232570378 438 1062
910473959 439 1061
353336722 440 1060
349522863 441 1059
403778463 442 1058
455925863 443 1057
118907496 444 1056
734332383 445 1055
41314287 446 1054
912011657 447 1053
145201663 448 1052
66616355 449 1051
858494645 450 1050
104152095 451 1049
856130553 452 1048
165069336 453 1047
903852967 454 1046
895978127 455 1045
502082166 456 1044
882865239 457 1043
958235799 458 1042
360270407 459 1041
329953656 460 1040
683310594 461 1039
422258459 462 1038
950457249 463 1037
269866502 464 1036
239839549 465 1035
580068895 466 1034
262428151 467 1033
524919021 468 1032
114787913 469 1031
931761133 470 1030
308893616 471 1029
798181952 472 1028
12750035 473 1027
7110548 474 1026
271676421 475 1025
671525741 476 1024
475354136 477 1023
220279995 478 1022
528003685 479 1021
78768281 480 1020
973060964 481 1019
545203456 482 1018
556291822 483 1017
642509537 484 1016
982007743 485 1015
930953487 486 1014
775603913 487 1013
162085333 488 1012
362476748 489 1011
537120290 490 1010
77560943 491 1009
947629882 492 1008
12793748 493 1007
263523484 494 1006
532990168 495 1005
933291366 496 1004
276023359 497 1003
494435987 498 1002
436746924 499 1001
234019853 500 1000
500864318 501 999
484670339 502 998
163556093 503 997
931227248 504 996
547590935 505 995
383739868 506 994
367702251 507 993
930282339 508 992
789119798 509 991
520671094 510 990
144182134 511 989
15636793 512 988
472478806 513 987
973927629 514 986
293950044 515 985
745746264 516 984
809399976 517 983
280053670 518 982
628015464 519 981
709265942 520 980
277129944 521 979
893679165 522 978
747442570 523 977
765982473 524 976
463647029 525 975
854910536 526 974
895382875 527 973
625003334 528 972
967308556 529 971
407214560 530 970
848736094 531 969
243461243 532 968
688152287 533 967
349625820 534 966
645910646 535 965
578909189 536 964
202069550 537 963
473829710 538 962
899849531 539 961
306801825 540 960
347165209 541 959
688123093 542 958
656479928 543 957
773257318 544 956
434365071 545 955
971620842 546 954
995800849 547 953
995661832 548 952
288485562 549 951
898290593 550 950
902574310 551 949
693624825 552 948
890881208 553 947
119595593 554 946
471549349 555 945
909121890 556 944
606551999 557 943
368232367 558 942
942073917 559 941
621581791 560 940
727634445 561 939
995901694 562 938
865990843 563 937
417929181 564 936
872933295 565 935
562245486 566 934
347687199 567 933
557706648 568 932
621427995 569 931
794632479 570 930
544753143 571 929
421602232 572 928
93021676 573 927
967601998 574 926
285622771 575 925
514924370 576 924
614474827 577 923
333836146 578 922
440589657 579 921
824517160 580 920
934792197 581 919
934913559 582 918
635853018 583 917
517332574 584 916
439213837 585 915
296899106 586 914
837508355 587 913
900193605 588 912
497989710 589 911
212083544 590 910
359167513 591 909
518512071 592 908
658161989 593 907
294519217 594 906
830859217 595 905
607272035 596 904
479993920 597 903
397597852 598 902
366753918 599 901
293023293 600 900
736792936 601 899
488507926 602 898
249330513 603 897
316458394 604 896
48992612 605 895
72941057 606 894
534816940 607 893
938633326 608 892
529797875 609 891
541926296 610 890
644771334 611 889
922375288 612 888
446365564 613 887
554717615 614 886
751415953 615 885
460246576 616 884
480283773 617 883
91161822 618 882
778245875 619 881
475151499 620 880
607130778 621 879
273869482 622 878
929339828 623 877
24640019 624 876
107699887 625 875
712667214 626 874
471667166 627 873
982826825 628 872
670358872 629 871
715451754 630 870
984127590 631 869
706080580 632 868
899070241 633 867
859154386 634 866
924471308 635 865
666955775 636 864
924683432 637 863
771974096 638 862
348476106 639 861
524223069 640 860
222342860 641 859
887703345 642 858
478538623 643 857
930440454 644 856
215089015 645 855
808092435 646 854
805502636 647 853
868394403 648 852
448293279 649 851
962752706 650 850
575983296 651 849
762040500 652 848
75249508 653 847
232087617 654 846
821492050 655 845
115104429 656 844
109460473 657 843
856161692 658 842
790001008 659 841
941526117 660 840
723587135 661 839
68950174 662 838
520241423 663 837
543776438 664 836
965227184 665 835
574681717 666 834
502813369 667 833
704204119 668 832
556978041 669 831
94516635 670 830
135361903 671 829
830967392 672 828
471407414 673 827
593722824 674 826
801566048 675 825
718972710 676 824
629796004 677 823
189291790 678 822
593901280 679 821
533585638 680 820
723009633 681 819
55020974 682 818
24288012 683 817
511231020 684 816
151121960 685 815
602198205 686 814
409864378 687 813
619421491 688 812
812644755 689 811
206213866 690 810
906119851 691 809
680853699 692 808
847251404 693 807
32437377 694 806
710553303 695 805
929880340 696 804
353609938 697 803
84481230 698 802
552189125 699 801
68074970 700 800
322835937 701 799
941216957 702 798
40758288 703 797
418315171 704 796
129824282 705 795
726667175 706 794
627186914 707 793
598118205 708 792
124705528 709 791
426505401 710 790
782906695 711 789
85663130 712 788
197212667 713 787
481172316 714 786
839546077 715 785
289258668 716 784
750203428 717 783
319786255 718 782
233421674 719 781
487065531 720 780
122298059 721 779
383260835 722 778
212672148 723 777
615066588 724 776
242266789 725 775
841896984 726 774
114562093 727 773
720944091 728 772
807404611 729 771
798977936 730 770
48974393 731 769
463365869 732 768
988473462 733 767
911554135 734 766
173661587 735 765
752356405 736 764
61656261 737 763
872590146 738 762
452265255 739 761
90011582 740 760
663755638 741 759
251536426 742 758
255721241 743 757
840735164 744 756
877085783 745 755
230883903 746 754
434049407 747 753
566263838 748 752
674408920 749 751
505412228 750 750
807291533 751 749
89919219 752 748
300216158 753 747
415159784 754 746
642971905 755 745
156835105 756 744
76517435 757 743
805759731 758 742
568420456 759 741
892882987 760 740
847336817 761 739
955429173 762 738
468387179 763 737
401655235 764 736
634570193 765 735
110391201 766 734
820389670 767 733
71243801 768 732
636329345 769 731
811114077 770 730
112254343 771 729
712765689 772 728
674304190 773 727
296353080 774 726
983905498 775 725
73054647 776 724
970218144 777 723
772064725 778 722
485454625 779 721
242521339 780 720
191510535 781 719
686192358 782 718
459949032 783 717
585663175 784 716
453201272 785 715
923899692 786 714
159209909 787 713
862690667 788 712
78731924 789 711
830078146 790 710
580072705 791 709
429881154 792 708
697033930 793 707
644689861 794 706
216519072 795 705
89135653 796 704
604504997 797 703
892634106 798 702
854038113 799 701
929960214 800 700
20942174 801 699
736430660 802 698
667855067 803 697
940820229 804 696
179779233 805 695
704095632 806 694
235992621 807 693
977198653 808 692
510114972 809 691
177858112 810 690
547585717 811 689
812848596 812 688
402105236 813 687
368438113 814 686
632595970 815 685
573271832 816 684
909238479 817 683
20894896 818 682
599472221 819 681
114661127 820 680
672114364 821 679
136208646 822 678
222512111 823 677
292650972 824 676
142087210 825 675
799559161 826 674
368133937 827 673
602717805 828 672
58997224 829 671
421358271 830 670
537946688 831 669
351689531 832 668
581533793 833 667
439362390 834 666
955228479 835 665
574753698 836 664
811196685 837 663
675559286 838 662
723893709 839 661
124964148 840 660
2660271 841 659
360882877 842 658
830779984 843 657
719544164 844 656
229650933 845 655
116979991 846 654
376150813 847 653
657839997 848 652
216198973 849 651
465080130 850 650
418304680 851 649
63486175 852 648
709673192 853 647
767920253 854 646
110088308 855 645
270116784 856 644
761865162 857 643
81290967 858 642
477865907 859 641
147063473 860 640
260274041 861 639
23261070 862 638
533665203 863 637
674620234 864 636
537149604 865 635
469057347 866 634
579979040 867 633
56016187 868 632
60343731 869 631
60196211 870 630
683590342 871 629
790060172 872 628
60651387 873 627
122910391 874 626
628624164 875 625
506578310 876 624
88216903 877 623
730210134 878 622
214370212 879 621
882299307 880 620
964563838 881 619
287624176 882 618
456239932 883 617
528585535 884 616
214221860 885 615
391225369 886 614
322773608 887 613
424215396 888 612
653683708 889 611
829911425 890 610
509916209 891 609
580440517 892 608
779112435 893 607
172519172 894 606
715889535 895 605
867187988 896 604
399616116 897 603
705710071 898 602
20503279 899 601
149207753 900 600
239944629 901 599
997274219 902 598
946981717 903 597
557486263 904 596
206263206 905 595
479770944 906 594
316926839 907 593
986307616 908 592
250589840 909 591
763640635 910 590
931601117 911 589
403244618 912 588
418605104 913 587
741953850 914 586
493550601 915 585
763983148 916 584
554399566 917 583
966457098 918 582
584007158 919 581
7035380 920 580
557868167 921 579
966415485 922 578
177783137 923 577
296245841 924 576
142428062 925 575
374863459 926 574
122082466 927 573
751992442 928 572
485563902 929 571
211308935 930 570
241665455 931 569
288727773 932 568
784019034 933 567
273424624 934 566
969081667 935 565
749276342 936 564
196332648 937 563
651955971 938 562
726606233 939 561
162020788 940 560
550130095 941 559
465329407 942 558
565978695 943 557
856837053 944 556
347272295 945 555
187279744 946 554
462473096 947 553
575395676 948 552
593793722 949 551
777369781 950 550
34759315 951 549
635189227 952 548
410179961 953 547
316508851 954 546
252368683 955 545
951975607 956 544
395356673 957 543
461099155 958 542
74445308 959 541
847013489 960 540
384708236 961 539
592039061 962 538
912330559 963 537
612348835 964 536
29204795 965 535
377796684 966 534
714992970 967 533
815368451 968 532
293976636 969 531
103205837 970 530
650065666 971 529
560096304 972 528
136933834 973 527
562414518 974 526
919552374 975 525
53987219 976 524
289012431 977 523
384446239 978 522
277276459 979 521
905227042 980 520
377861648 981 519
324149569 982 518
589143862 983 517
774264072 984 516
118117764 985 515
276752600 986 514
500099873 987 513
590072684 988 512
182766910 989 511
771435751 990 510
638663336 991 509
111684285 992 508
754985683 993 507
833054156 994 506
892564381 995 505
498151326 996 504
635218535 997 503
759425535 998 502
455186233 999 501
988316698 1000 500
980806808 1001 499
200933864 1002 498
493376718 1003 497
695238387 1004 496
816083668 1005 495
61030489 1006 494
980784582 1007 493
189810344 1008 492
230413572 1009 491
744907435 1010 490
132998538 1011 489
130086540 1012 488
746386120 1013 487
261125272 1014 486
72649455 1015 485
712990049 1016 484
332156380 1017 483
990304821 1018 482
875741913 1019 481
381187236 1020 480
690636376 1021 479
360411289 1022 478
902703650 1023 477
186704552 1024 476
134737571 1025 475
155281773 1026 474
531549665 1027 473
833485200 1028 472
516166589 1029 471
376542570 1030 470
248757472 1031 469
807579774 1032 468
735866151 1033 467
874958798 1034 466
232407244 1035 465
212232074 1036 464
440401849 1037 463
924172111 1038 462
486508572 1039 461
951556862 1040 460
218296259 1041 459
34201224 1042 458
649239317 1043 457
235960336 1044 456
296946776 1045 455
577900222 1046 454
969319666 1047 453
550639065 1048 452
683581712 1049 451
792137177 1050 450
425905856 1051 449
87187293 1052 448
498823270 1053 447
803452421 1054 446
381639439 1055 445
3309646 1056 444
517389058 1057 443
712763447 1058 442
461966264 1059 441
482793706 1060 440
263524412 1061 439
231001392 1062 438
544042379 1063 437
170961135 1064 436
290419053 1065 435
765748530 1066 434
486091984 1067 433
161967944 1068 432
315330519 1069 431
22920422 1070 430
606224870 1071 429
665788578 1072 428
343158314 1073 427
442378176 1074 426
732790787 1075 425
372167565 1076 424
648900884 1077 423
43879718 1078 422
689009756 1079 421
527914067 1080 420
311385328 1081 419
806797315 1082 418
292548813 1083 417
80888311 1084 416
752872217 1085 415
388543095 1086 414
950737588 1087 413
935909452 1088 412
276185543 1089 411
128303791 1090 410
617561978 1091 409
840811341 1092 408
912060345 1093 407
753165953 1094 406
600140896 1095 405
186685728 1096 404
734317325 1097 403
437354359 1098 402
863581003 1099 401
201081285 1100 400
921554539 1101 399
135485231 1102 398
499853475 1103 397
82189684 1104 396
655996664 1105 395
613685314 1106 394
63404665 1107 393
361680905 1108 392
306639541 1109 391
309195085 1110 390
645583677 1111 389
838098130 1112 388
57853653 1113 387
149170189 1114 386
370185397 1115 385
716287417 1116 384
988798233 1117 383
645006197 1118 382
958718394 1119 381
612737872 1120 380
126943032 1121 379
901224171 1122 378
220008549 1123 377
652939093 1124 376
963147013 1125 375
771051990 1126 374
129656110 1127 373
242572351 1128 372
932482703 1129 371
603145984 1130 370
924393229 1131 369
376367458 1132 368
125564196 1133 367
314224773 1134 366
825422491 1135 365
228492271 1136 364
721701565 1137 363
624245321 1138 362
835607553 1139 361
389654602 1140 360
987943310 1141 359
718733357 1142 358
769170044 1143 357
222035234 1144 356
600544482 1145 355
161720414 1146 354
683218341 1147 353
325769290 1148 352
153778914 1149 351
370197095 1150 350
151364221 1151 349
825713146 1152 348
986225696 1153 347
323219464 1154 346
266198896 1155 345
648093686 1156 344
685908873 1157 343
382589816 1158 342
557308290 1159 341
363312671 1160 340
391282232 1161 339
989231083 1162 338
484125496 1163 337
910138668 1164 336
997275873 1165 335
533193693 1166 334
397586432 1167 333
351686931 1168 332
104366058 1169 331
22306262 1170 330
243280839 1171 329
691903487 1172 328
487522588 1173 327
119687476 1174 326
718656481 1175 325
953091960 1176 324
825758779 1177 323
19376212 1178 322
635354907 1179 321
735623987 1180 320
57507202 1181 319
727803816 1182 318
573568851 1183 317
349970325 1184 316
669568193 1185 315
998117516 1186 314
312732332 1187 313
377735021 1188 312
459703447 1189 311
914761899 1190 310
142265103 1191 309
788161583 1192 308
261381346 1193 307
452177558 1194 306
289643793 1195 305
283802230 1196 304
197627041 1197 303
418903179 1198 302
220373864 1199 301
219579343 1200 300
543779720 1201 299
863623900 1202 298
234700122 1203 297
73792957 1204 296
600795556 1205 295
513988940 1206 294
667335030 1207 293
616923901 1208 292
255174766 1209 291
350787284 1210 290
835602294 1211 289
456820968 1212 288
611600054 1213 287
617159476 1214 286
75551063 1215 285
137779073 1216 284
24719363 1217 283
188112801 1218 282
534696113 1219 281
157960395 1220 280
508801191 1221 279
654020594 1222 278
503642716 1223 277
969650750 1224 276
347617675 1225 275
830878726 1226 274
973889342 1227 273
243245953 1228 272
276474461 1229 271
625120177 1230 270
925074090 1231 269
331653051 1232 268
713549433 1233 267
630106380 1234 266
674489061 1235 265
340720108 1236 264
339644813 1237 263
405304439 1238 262
227498569 1239 261
257677057 1240 260
872568378 1241 259
916423202 1242 258
774393312 1243 257
910567936 1244 256
978913794 1245 255
455578036 1246 254
758897812 1247 253
235586959 1248 252
817578827 1249 251
254506138 1250 250
369456811 1251 249
949992808 1252 248
187444338 1253 247
291042884 1254 246
153677779 1255 245
737209165 1256 244
627419932 1257 243
604795438 1258 242
921662975 1259 241
90902257 1260 240
351175166 1261 239
203966493 1262 238
711420396 1263 237
110164447 1264 236
377816108 1265 235
97983027 1266 234
315254589 1267 233
535490490 1268 232
637059062 1269 231
334768960 1270 230
426117327 1271 229
395713540 1272 228
98912802 1273 227
565840648 1274 226
596809284 1275 225
446611192 1276 224
39659139 1277 223
296578126 1278 222
519503037 1279 221
473399906 1280 220
429294204 1281 219
164209749 1282 218
432615810 1283 217
720932965 1284 216
293125101 1285 215
89297002 1286 214
215501059 1287 213
180092513 1288 212
380806228 1289 211
707355425 1290 210
673989549 1291 209
972324989 1292 208
615841486 1293 207
886331014 1294 206
481991038 1295 205
906548490 1296 204
520015102 1297 203
476441945 1298 202
527542252 1299 201
581679127 1300 200
115695360 1301 199
373264469 1302 198
116187614 1303 197
807424728 1304 196
9930492 1305 195
863845672 1306 194
103828041 1307 193
157907272 1308 192
540908680 1309 191
459616939 1310 190
628119627 1311 189
403883711 1312 188
30598883 1313 187
443472098 1314 186
416322348 1315 185
262933822 1316 184
359322649 1317 183
139253420 1318 182
993115316 1319 181
491855090 1320 180
171676252 1321 179
471818584 1322 178
436442567 1323 177
300263090 1324 176
449171889 1325 175
557302934 1326 174
182072549 1327 173
675717314 1328 172
990226438 1329 171
544595225 1330 170
516776577 1331 169
511776708 1332 168
313825524 1333 167
392023695 1334 166
182159801 1335 165
254864425 1336 164
939994455 1337 163
735353995 1338 162
344619295 1339 161
421302938 1340 160
469253035 1341 159
991254208 1342 158
136199404 1343 157
967682888 1344 156
651371395 1345 155
206798302 1346 154
930785325 1347 153
47210376 1348 152
670743757 1349 151
974936388 1350 150
759086004 1351 149
198182290 1352 148
41759414 1353 147
896023209 1354 146
240462925 1355 145
249074052 1356 144
242398670 1357 143
83204042 1358 142
910069660 1359 141
762454927 1360 140
601938875 1361 139
449727950 1362 138
143753261 1363 137
245427410 1364 136
265057699 1365 135
708220806 1366 134
164373433 1367 133
50761981 1368 132
440686203 1369 131
223532868 1370 130
587386671 1371 129
171959481 1372 128
667761898 1373 127
514486032 1374 126
148504386 1375 125
195350949 1376 124
677072127 1377 123
729888695 1378 122
819465943 1379 121
650568099 1380 120
264483980 1381 119
569209710 1382 118
597232246 1383 117
376218725 1384 116
876007412 1385 115
714851202 1386 114
343440939 1387 113
952532831 1388 112
614575676 1389 111
983078342 1390 110
189727415 1391 109
532015956 1392 108
1978774 1393 107
843762820 1394 106
211234680 1395 105
879654180 1396 104
800874941 1397 103
137359567 1398 102
339985968 1399 101
430406393 1400 100
359828510 1401 99
910431303 1402 98
540701407 1403 97
370521651 1404 96
947291572 1405 95
158532108 1406 94
765180316 1407 93
96517325 1408 92
246898593 1409 91
483414179 1410 90
743569869 1411 89
892284257 1412 88
382466959 1413 87
460238413 1414 86
884147898 1415 85
473979576 1416 84
877538548 1417 83
505093306 1418 82
554505480 1419 81
240062300 1420 80
785061272 1421 79
420932522 1422 78
78491679 1423 77
364280112 1424 76
2301660 1425 75
809545258 1426 74
222015718 1427 73
399769561 1428 72
761601900 1429 71
562783239 1430 70
848939754 1431 69
12238043 1432 68
115174500 1433 67
711057263 1434 66
153586828 1435 65
274238426 1436 64
445159926 1437 63
147518186 1438 62
662781392 1439 61
593029279 1440 60
471029142 1441 59
430009784 1442 58
713084672 1443 57
661643767 1444 56
299221206 1445 55
799913370 1446 54
450458802 1447 53
978453605 1448 52
543579180 1449 51
526547703 1450 50
905588737 1451 49
835579977 1452 48
28181102 1453 47
77101200 1454 46
411327048 1455 45
528293021 1456 44
91201927 1457 43
427735259 1458 42
824873800 1459 41
473993211 1460 40
184381797 1461 39
279451522 1462 38
921203607 1463 37
366252149 1464 36
729846198 1465 35
521270017 1466 34
483238589 1467 33
206812740 1468 32
508686433 1469 31
378095264 1470 30
75061771 1471 29
679517209 1472 28
193783481 1473 27
255758623 1474 26
975704124 1475 25
91355511 1476 24
181022038 1477 23
570051436 1478 22
623584716 1479 21
221592132 1480 20
860550310 1481 19
158352876 1482 18
951435182 1483 17
756825405 1484 16
547243610 1485 15
738426878 1486 14
389585852 1487 13
468318050 1488 12
605771694 1489 11
69414030 1490 10
45271548 1491 9
839103762 1492 8
173231604 1493 7
948515891 1494 6
875018239 1495 5
594892079 1496 4
907544201 1497 3
818328691 1498 2
564346728 1499 1
